Fig 1

x, y
1.0074380141021684, 0.41703345829728145
1.3685691067276506, 0.6399297834873722
1.8237353257409514, 0.9266118284697673
2.2291206296791275, 1.188999433363164
3.0085214677730865, 1.6567885421484791
3.987879819835041, 2.2060022803963344
5.015871849306032, 2.677256455977912
6.014162003048015, 3.1032201239580575
7.621651284086096, 3.7008268361440018
9.462055405416239, 4.172437489582505
11.817769483755944, 4.5581559886149225
14.663450884352866, 4.8655248687248225
17.820815634751057, 5.175666306886423
22.786943692146618, 5.278154447640167
29.96899652563956, 5.321055665989215
33.814132604375, 5.30671665426863
37.6517006433754, 5.257543024410088
42.08539011166971, 5.168455543544382
48.86987907228078, 5.046490340477264
54.98543019633666, 4.872751267710637
60.23821394186547, 4.79212323847246

Fig 2
2 mA
-0.24648722996844577, -53.90566846367267
-0.22432643814558106, -53.634989736764965
-0.20541007039024786, -47.91013466266668
-0.18850832007335688, -48.01840615342974
-0.17209201974163274, -48.01840615342974
-0.15276301949890775, -46.86802156407191
-0.13532997114269535, -49.060519252024505
-0.11249494322932119, -47.76126136286746
-0.09113514388198173, -46.93569124579892
-0.07498314409773726, -44.98680441206329
-0.05968337873189677, -40.236392754832764
-0.04987459208716524, -34.95815758013225
-0.04087488875104507, -30.952112421897937
-0.031726853475012806, -26.688922473101343
-0.02363602038889938, -22.452800396995485
-0.017152566142560485, -15.252746261250081
-0.010267267186277948, -11.639185257032068
-0.0001456349955500369, -3.9654433491981536

6 mA
-0.24795706464575637, -197.2706561703472
-0.19996763666765555, -199.16540725870124
-0.14444564308638314, -197.9338190512711
-0.10014293805118801, -187.58035774705075
-0.08664742846355081, -183.01942119865566
-0.07240756223199116, -171.98926307716602
-0.06060303675935166, -159.07788780366775
-0.04824563769249441, -141.68677959984666
-0.03910569324954827, -121.73775742674758
-0.031726853475012806, -105.57823743035664
-0.023484991504625255, -80.47278550966553
-0.015793306184093428, -54.433491981142765
-0.009196580274548935, -33.415288836758236

10 mA
-0.2484856657407158, -367.3787020955045
-0.19997303055637963, -365.4298152617689
-0.1617330564470455, -363.77867502763183
-0.1379810674505785, -360.2869194505222
-0.11804795167075705, -353.00566169670446
-0.09997033361201758, -345.11537680734443
-0.08641549124841555, -334.5859743306341
-0.07509102187221878, -318.12870773464465
-0.06421963914884436, -298.8563823788149
-0.05468324388467866, -276.7148625177633
-0.04563499555004181, -245.2484605147407
-0.03658944415976699, -209.73541154444774
-0.029108120499474102, -175.92763855367338
-0.02051026187329756, -129.80398348859768
-0.008231074192939405, -55.12372273475739

14 mA
-0.247930095202136, -539.313829427289
-0.19969524528708973, -537.9333679200596
-0.16037379648857844, -533.426567117046
-0.13648965721837159, -527.5122369341123
-0.11421559373230131, -516.7662914758757
-0.0996359125111249, -508.4835224324995
-0.08545268211116805, -490.90293911984304
-0.0734728552549961, -464.55236505537636
-0.06238032309393458, -433.0724291160084
-0.05277650422071793, -396.3007240655945
-0.04074813236602929, -334.9107888029233
-0.02735780360851156, -243.69205783502133
-0.013630356805739097, -127.746825164099
-0.008158256695164373, -74.93740554440262

18 mA
-0.2476819763208285, -715.8369611801593
-0.19987594055934627, -712.2234001759412
-0.1667062218506432, -710.0850382333701
-0.14998246986164676, -705.1722193399951
-0.13826964049731655, -699.9751877833668
-0.12635454030583348, -693.1405499289468
-0.11564767118854338, -686.8472695283423
-0.10028587610237602, -670.5524101684975
-0.08714906011488983, -650.7251934225069
-0.07258556055988566, -607.4707328626531
-0.05943795679495133, -553.1590463086188
-0.047377221607918234, -481.402115805382
-0.03619569028290946, -394.92026255836515
-0.025763909490547215, -302.2804682741976
-0.016192453949675015, -199.59849322175359
-0.0066695434073195115, -84.61417003135364

Fig 3

T_A = -40ºC
x, y
0.10033138354108204, 1.2346429840142097
0.20005938489147432, 1.255794606814145
0.39861693345818316, 1.2751558210883256
0.699080646009951, 1.2906416922331667
1.1639752554157805, 1.3074219279832069
1.7195646250051075, 1.3206445987405135
2.3241399931663365, 1.3317513321492007
2.9881675655291846, 1.3443229452607783
3.8387973654007417, 1.3543213305344746
4.737848386053289, 1.3656915872759567
5.711634657742504, 1.377743904408203
7.259184500439547, 1.3930747618278703
9.58650833237665, 1.4146914258033263
12.02264434617413, 1.434897464879703
15.170846955296195, 1.4585990634587438
18.42244802318846, 1.4815875989019862
22.025947434879683, 1.5091877926691426
27.762364726408315, 1.5489100597448733
33.61711872720038, 1.5852375262393026
38.72612709379706, 1.6131399967705473
47.06455990773978, 1.6591093169707736
52.1476612442912, 1.686515743581463
62.65811072341722, 1.7452736961085096
74.73444959855816, 1.808093008235104
86.47742410176234, 1.8630996286129502
99.74128467008508, 1.91849378330373

T_A = 25ºC
x, y
0.1012689040034088, 1.0624459874051349
0.23943823017831953, 1.1004786048764736
0.455756249950928, 1.129388664621347
0.696010934205618, 1.146168900371387
0.9982848723105623, 1.1590892943646054
1.3516706734699848, 1.1706533182625547
2.000344103063865, 1.1864492168577427
3.0254234875859174, 1.2067405134829647
4.573950145505977, 1.2266830292265463
8.976367896714123, 1.2666765703213305
13.684376310776443, 1.2977025674148233
20.0134327356973, 1.3360452123365092
29.90406726556411, 1.3889358953657356
40.00252708983141, 1.4351067334086873
51.41716165859147, 1.4833857581139998
59.624572683795655, 1.5201007589213629
69.50340792118689, 1.556528984337155
79.58295501267925, 1.5961814952365574
91.80653622366398, 1.637523655740352
99.73194605767183, 1.6610392378491845

T_A = 100ºC
x, y
0.10266599843064941, 0.8934732762796707
0.14984964206974347, 0.9133615372194415
0.19985967548524575, 0.9282041014048121
0.3000784691869421, 0.9503400613595996
0.5013358595152495, 0.9789245922816083
0.7984667982709798, 1.005532698207654
1.6237473986592472, 1.0424259647989667
2.7539708294352696, 1.0693751009203942
4.152526727674748, 1.0925419021475862
5.662821473094549, 1.1110040368157599
7.517425436073433, 1.129241401582432
9.647740609131617, 1.1459596318424028
11.610001083012907, 1.1591047957371226
14.415202205924214, 1.1771328919748103
19.379077851833124, 1.2053686420151786
26.433119799389768, 1.2407892782173424
35.225074037903646, 1.280627805586953
42.648300368444694, 1.3084682706281288
50.53575752107643, 1.3377271112546425
65.67358359995443, 1.3966168254480866
82.31381323764553, 1.4536541256257065
92.57189617842367, 1.4851761666397545
99.51118726576091, 1.5053977070886486