 1.00000000e+00  9.99936884e-07  9.99967942e-04 
 1.05925373e+00  1.12194750e-06  1.05921964e-03 
 1.12201845e+00  1.25884563e-06  1.12198219e-03 
 1.18850223e+00  1.41244781e-06  1.18846364e-03 
 1.25892541e+00  1.58479223e-06  1.25888432e-03 
 1.33352143e+00  1.77816579e-06  1.33347764e-03 
 1.41253754e+00  1.99513440e-06  1.41249086e-03 
 1.49623566e+00  2.23857707e-06  1.49618584e-03 
 1.58489319e+00  2.51172410e-06  1.58483999e-03 
 1.67880402e+00  2.81819992e-06  1.67874715e-03 
 1.77827941e+00  3.16207123e-06  1.77821856e-03 
 1.88364909e+00  3.54790091e-06  1.88358390e-03 
 1.99526231e+00  3.98080857e-06  1.99519240e-03 
 2.11348904e+00  4.46653851e-06  2.11341396e-03 
 2.23872114e+00  5.01153590e-06  2.23864039e-03 
 2.37137371e+00  5.62303233e-06  2.37128672e-03 
 2.51188643e+00  6.30914172e-06  2.51179257e-03 
 2.66072506e+00  7.07896799e-06  2.66062359e-03 
 2.81838293e+00  7.94272586e-06  2.81827301e-03 
 2.98538262e+00  8.91187635e-06  2.98526329e-03 
 3.16227766e+00  9.99927886e-06  3.16214783e-03 
 3.34965439e+00  1.12193617e-05  3.34951278e-03 
 3.54813389e+00  1.25883137e-05  3.54797903e-03 
 3.75837404e+00  1.41242985e-05  3.75820423e-03 
 3.98107171e+00  1.58476963e-05  3.98088497e-03 
 4.21696503e+00  1.77813733e-05  4.21675908e-03 
 4.46683592e+00  1.99509857e-05  4.46660807e-03 
 4.73151259e+00  2.23853197e-05  4.73125972e-03 
 5.01187234e+00  2.51166732e-05  5.01159080e-03 
 5.30884444e+00  2.81812844e-05  5.30852995e-03 
 5.62341325e+00  3.16198125e-05  5.62306079e-03 
 5.95662144e+00  3.54778762e-05  5.95622511e-03 
 6.30957344e+00  3.98066595e-05  6.30912632e-03 
 6.68343918e+00  4.46635897e-05  6.68293310e-03 
 7.07945784e+00  5.01130988e-05  7.07888320e-03 
 7.49894209e+00  5.62274778e-05  7.49828755e-03 
 7.94328235e+00  6.30878349e-05  7.94253453e-03 
 8.41395142e+00  7.07851701e-05  8.41309453e-03 
 8.91250938e+00  7.94215812e-05  8.91152475e-03 
 9.44060876e+00  8.91116162e-05  9.43947431e-03 
 1.00000000e+01  9.99837907e-05  9.99868961e-03 
 1.05925373e+01  1.12182290e-04  1.05910200e-02 
 1.12201845e+01  1.25868876e-04  1.12184238e-02 
 1.18850223e+01  1.41225033e-04  1.18829747e-02 
 1.25892541e+01  1.58454363e-04  1.25868684e-02 
 1.33352143e+01  1.77785282e-04  1.33324294e-02 
 1.41253754e+01  1.99474040e-04  1.41221192e-02 
 1.49623566e+01  2.23808107e-04  1.49585433e-02 
 1.58489319e+01  2.51109968e-04  1.58444600e-02 
 1.67880402e+01  2.81741386e-04  1.67827890e-02 
 1.77827941e+01  3.16108167e-04  1.77766207e-02 
 1.88364909e+01  3.54665517e-04  1.88292254e-02 
 1.99526231e+01  3.97924035e-04  1.99440641e-02 
 2.11348904e+01  4.46456434e-04  2.11247985e-02 
 2.23872114e+01  5.00905070e-04  2.23753026e-02 
 2.37137371e+01  5.61990384e-04  2.36996741e-02 
 2.51188643e+01  6.30520345e-04  2.51022467e-02 
 2.66072506e+01  7.07401039e-04  2.65876028e-02 
 2.81838293e+01  7.93648516e-04  2.81605866e-02 
 2.98538262e+01  8.90402055e-04  2.98263179e-02 
 3.16227766e+01  9.98939007e-04  3.15902062e-02 
 3.34965439e+01  1.12069140e-03  3.34579654e-02 
 3.54813389e+01  1.25726451e-03  3.54356289e-02 
 3.75837404e+01  1.41045760e-03  3.75295645e-02 
 3.98107171e+01  1.58228715e-03  3.97464906e-02 
 4.21696503e+01  1.77501268e-03  4.20934913e-02 
 4.46683592e+01  1.99116573e-03  4.45780325e-02 
 4.73151259e+01  2.23358202e-03  4.72079774e-02 
 5.01187234e+01  2.50543742e-03  4.99916013e-02 
 5.30884444e+01  2.81028789e-03  5.29376064e-02 
 5.62341325e+01  3.15211399e-03  5.60551351e-02 
 5.95662144e+01  3.53537031e-03  5.93537822e-02 
 6.30957344e+01  3.96504029e-03  6.28436054e-02 
 6.68343918e+01  4.44669703e-03  6.65351329e-02 
 7.07945784e+01  4.98657052e-03  7.04393685e-02 
 7.49894209e+01  5.59162190e-03  7.45677924e-02 
 7.94328235e+01  6.26962532e-03  7.89323578e-02 
 8.41395142e+01  7.02925785e-03  8.35454810e-02 
 8.91250938e+01  7.88019819e-03  8.84200241e-02 
 9.44060876e+01  8.83323438e-03  9.35692703e-02 
 1.00000000e+02  9.90038118e-03  9.90068868e-02 
 1.05925373e+02  1.10950073e-02  1.04746876e-01 
 1.12201845e+02  1.24319726e-02  1.10803514e-01 
 1.18850223e+02  1.39277752e-02  1.17191264e-01 
 1.25892541e+02  1.56007083e-02  1.23924679e-01 
 1.33352143e+02  1.74710252e-02  1.31018275e-01 
 1.41253754e+02  1.95611125e-02  1.38486373e-01 
 1.49623566e+02  2.18956683e-02  1.46342912e-01 
 1.58489319e+02  2.45018828e-02  1.54601231e-01 
 1.67880402e+02  2.74096186e-02  1.63273793e-01 
 1.77827941e+02  3.06515843e-02  1.72371879e-01 
 1.88364909e+02  3.42634958e-02  1.81905219e-01 
 1.99526231e+02  3.82842167e-02  1.91881566e-01 
 2.11348904e+02  4.27558687e-02  2.02306214e-01 
 2.23872114e+02  4.77238979e-02  2.13181443e-01 
 2.37137371e+02  5.32370842e-02  2.24505895e-01 
 2.51188643e+02  5.93474753e-02  2.36273893e-01 
 2.66072506e+02  6.61102261e-02  2.48474675e-01 
 2.81838293e+02  7.35833215e-02  2.61091586e-01 
 2.98538262e+02  8.18271576e-02  2.74101211e-01 
 3.16227766e+02  9.09039573e-02  2.87472482e-01 
 3.34965439e+02  1.00876994e-01  3.01165779e-01 
 3.54813389e+02  1.11809601e-01  3.15132058e-01 
 3.75837404e+02  1.23763944e-01  3.29312056e-01 
 3.98107171e+02  1.36799553e-01  3.43635614e-01 
 4.21696503e+02  1.50971595e-01  3.58021190e-01 
 4.46683592e+02  1.66328917e-01  3.72375628e-01 
 4.73151259e+02  1.82911882e-01  3.86594264e-01 
 5.01187234e+02  2.00750042e-01  4.00561434e-01 
 5.30884444e+02  2.19859741e-01  4.14151464e-01 
 5.62341325e+02  2.40241735e-01  4.27230200e-01 
 5.95662144e+02  2.61878960e-01  4.39657105e-01 
 6.30957344e+02  2.84734598e-01  4.51287942e-01 
 6.68343918e+02  3.08750590e-01  4.61977990e-01 
 7.07945784e+02  3.33846761e-01  4.71585730e-01 
 7.49894209e+02  3.59920690e-01  4.79976861e-01 
 7.94328235e+02  3.86848446e-01  4.87028465e-01 
 8.41395142e+02  4.14486246e-01  4.92633127e-01 
 8.91250938e+02  4.42673041e-01  4.96702748e-01 
 9.44060876e+02  4.71233958e-01  4.99171829e-01 
 1.00000000e+03  4.99984471e-01  5.00000000e-01 
 1.05925373e+03  5.28735086e-01  4.99173612e-01 
 1.12201845e+03  5.57296308e-01  4.96706284e-01 
 1.18850223e+03  5.85483603e-01  4.92638360e-01 
 1.25892541e+03  6.13122086e-01  4.87035311e-01 
 1.33352143e+03  6.40050689e-01  4.79985213e-01 
 1.41253754e+03  6.66125610e-01  4.71595464e-01 
 1.49623566e+03  6.91222895e-01  4.61988966e-01 
 1.58489319e+03  7.15240100e-01  4.51300011e-01 
 1.67880402e+03  7.38097025e-01  4.39670111e-01 
 1.77827941e+03  7.59735588e-01  4.27243987e-01 
 1.88364909e+03  7.80118949e-01  4.14165878e-01 
 1.99526231e+03  7.99230024e-01  4.00576326e-01 
 2.11348904e+03  8.17069550e-01  3.86609494e-01 
 2.23872114e+03  8.33653855e-01  3.72391065e-01 
 2.37137371e+03  8.49012480e-01  3.58036714e-01 
 2.51188643e+03  8.63185776e-01  3.43651120e-01 
 2.66072506e+03  8.76222582e-01  3.29327449e-01 
 2.81838293e+03  8.88178061e-01  3.15147256e-01 
 2.98538262e+03  8.99111737e-01  3.01180712e-01 
 3.16227766e+03  9.09085775e-01  2.87487093e-01 
 3.34965439e+03  9.18163508e-01  2.74115451e-01 
 3.54813389e+03  9.26408209e-01  2.61105418e-01 
 3.75837404e+03  9.33882103e-01  2.48488069e-01 
 3.98107171e+03  9.40645589e-01  2.36286828e-01 
 4.21696503e+03  9.46756654e-01  2.24518357e-01 
 4.46683592e+03  9.52270456e-01  2.13193421e-01 
 4.73151259e+03  9.57239046e-01  2.02317707e-01 
 5.01187234e+03  9.61711209e-01  1.91892573e-01 
 5.30884444e+03  9.65732393e-01  1.81915744e-01 
 5.62341325e+03  9.69344724e-01  1.72381930e-01 
 5.95662144e+03  9.72587069e-01  1.63283379e-01 
 6.30957344e+03  9.75495148e-01  1.54610364e-01 
 6.68343918e+03  9.78101671e-01  1.46351605e-01 
 7.07945784e+03  9.80436505e-01  1.38494639e-01 
 7.49894209e+03  9.82526842e-01  1.31026130e-01 
 7.94328235e+03  9.84397384e-01  1.23932137e-01 
 8.41395142e+03  9.86070518e-01  1.17198341e-01 
 8.91250938e+03  9.87566502e-01  1.10810226e-01 
 9.44060876e+03  9.88903630e-01  1.04753239e-01 
 1.00000000e+04  9.90098401e-01  9.90129153e-02 
 1.05925373e+04  9.91165678e-01  9.35749801e-02 
 1.12201845e+04  9.92118830e-01  8.84254302e-02 
 1.18850223e+04  9.92969875e-01  8.35505978e-02 
 1.25892541e+04  9.93729601e-01  7.89371996e-02 
 1.33352143e+04  9.94407687e-01  7.45723727e-02 
 1.41253754e+04  9.95012813e-01  7.04437005e-02 
 1.49623566e+04  9.95552753e-01  6.65392293e-02 
 1.58489319e+04  9.96034469e-01  6.28474783e-02 
 1.67880402e+04  9.96464192e-01  5.93574432e-02 
 1.77827941e+04  9.96847496e-01  5.60585953e-02 
 1.88364909e+04  9.97189364e-01  5.29408764e-02 
 1.99526231e+04  9.97494252e-01  4.99946912e-02 
 2.11348904e+04  9.97766141e-01  4.72108969e-02 
 2.23872114e+04  9.98008587e-01  4.45807907e-02 
 2.37137371e+04  9.98224767e-01  4.20960968e-02 
 2.51188643e+04  9.98417517e-01  3.97489518e-02 
 2.66072506e+04  9.98589367e-01  3.75318893e-02 
 2.81838293e+04  9.98742579e-01  3.54378246e-02 
 2.98538262e+04  9.98879170e-01  3.34600392e-02 
 3.16227766e+04  9.99000937e-01  3.15921647e-02 
 3.34965439e+04  9.99109487e-01  2.98281674e-02 
 3.54813389e+04  9.99206253e-01  2.81623332e-02 
 3.75837404e+04  9.99292511e-01  2.65892521e-02 
 3.98107171e+04  9.99369401e-01  2.51038041e-02 
 4.21696503e+04  9.99437940e-01  2.37011446e-02 
 4.46683592e+04  9.99499033e-01  2.23766911e-02 
 4.73151259e+04  9.99553488e-01  2.11261096e-02 
 5.01187234e+04  9.99602027e-01  1.99453020e-02 
 5.30884444e+04  9.99645290e-01  1.88303943e-02 
 5.62341325e+04  9.99683853e-01  1.77777243e-02 
 5.95662144e+04  9.99718224e-01  1.67838310e-02 
 6.30957344e+04  9.99748859e-01  1.58454437e-02 
 6.68343918e+04  9.99776164e-01  1.49594721e-02 
 7.07945784e+04  9.99800501e-01  1.41229961e-02 
 7.49894209e+04  9.99822193e-01  1.33332573e-02 
 7.94328235e+04  9.99841526e-01  1.25876500e-02 
 8.41395142e+04  9.99858757e-01  1.18837127e-02 
 8.91250938e+04  9.99874115e-01  1.12191205e-02 
 9.44060876e+04  9.99887804e-01  1.05916778e-02 
 1.00000000e+05  9.99900004e-01  9.99931060e-03 
 1.05925373e+05  9.99910877e-01  9.44006058e-03 
 1.12201845e+05  9.99920569e-01  8.91207824e-03 
 1.18850223e+05  9.99929206e-01  8.41361707e-03 
 1.25892541e+05  9.99936904e-01  7.94302786e-03 
 1.33352143e+05  9.99943766e-01  7.49875329e-03 
 1.41253754e+05  9.99949881e-01  7.07932290e-03 
 1.49623566e+05  9.99955331e-01  6.68334821e-03 
 1.58489319e+05  9.99960188e-01  6.30951821e-03 
 1.67880402e+05  9.99964518e-01  5.95659508e-03 
 1.77827941e+05  9.99968376e-01  5.62341007e-03 
 1.88364909e+05  9.99971815e-01  5.30885970e-03 
 1.99526231e+05  9.99974880e-01  5.01190210e-03 
 2.11348904e+05  9.99977612e-01  4.73155361e-03 
 2.23872114e+05  9.99980047e-01  4.46688553e-03 
 2.37137371e+05  9.99982216e-01  4.21702102e-03 
 2.51188643e+05  9.99984150e-01  3.98113225e-03 
 2.66072506e+05  9.99985874e-01  3.75843768e-03 
 2.81838293e+05  9.99987410e-01  3.54819942e-03 
 2.98538262e+05  9.99988779e-01  3.34972084e-03 
 3.16227766e+05  9.99989999e-01  3.16234425e-03 
 3.34965439e+05  9.99991087e-01  2.98544873e-03 
 3.54813389e+05  9.99992056e-01  2.81844808e-03 
 3.75837404e+05  9.99992920e-01  2.66078886e-03 
 3.98107171e+05  9.99993690e-01  2.51194860e-03 
 4.21696503e+05  9.99994376e-01  2.37143402e-03 
 4.46683592e+05  9.99994988e-01  2.23877945e-03 
 4.73151259e+05  9.99995533e-01  2.11354524e-03 
 5.01187234e+05  9.99996019e-01  1.99531634e-03 
 5.30884444e+05  9.99996452e-01  1.88370091e-03 
 5.62341325e+05  9.99996838e-01  1.77832902e-03 
 5.95662144e+05  9.99997181e-01  1.67885143e-03 
 6.30957344e+05  9.99997488e-01  1.58493844e-03 
 6.68343918e+05  9.99997761e-01  1.49627878e-03 
 7.07945784e+05  9.99998005e-01  1.41257860e-03 
 7.49894209e+05  9.99998222e-01  1.33356048e-03 
 7.94328235e+05  9.99998415e-01  1.25896252e-03 
 8.41395142e+05  9.99998587e-01  1.18853746e-03 
 8.91250938e+05  9.99998741e-01  1.12205189e-03 
 9.44060876e+05  9.99998878e-01  1.05928544e-03 
 1.00000000e+06  9.99999000e-01  1.00003006e-03 
